58	50	85	41	18	2	30	55	10	9	91	76	59	4	99	32	43	9	44	48	83	73	78	44	70	40	93	17	27	39	54	57	73	39	38	53	7	48	71	46	89	41	48	5	98	83	34	97	95	79	49	44	55	68	40	50	76	41	34	70	95	2	93	6	38	100	87	79	53	33	19	26	75	26	38	14	79	21	60	82	55	94	4	61	54	8	15	42	25	78	11	1	9	9	32	3	48	17	42	53	77	12	44	35	65	7	67	7	35	67	21	97	86	11	41	98	96	10	96	19	44	37	50	25	25	3	83	61	78	98	68	45	65	100	21	79	64	50	55	34	32	65	33	15	56	77	76	83	50	70	70	75	74	40	70	100	58	10	78	8	4	72	45	73	93	58	20	100	87	13	83	41	7	87	73	5	3	10	56	74	67	81	77	44	34	49	40	25	1	63	33	90	6	6	76	3	88	59	20	89
22	5	64	48	2	22	39	41	40	18	77	29	3	92	35	52	63	73	41	15	12	41	66	55	80	30	45	17	7	33	31	34	63	80	100	44	85	79	72	70	66	57	35	36	67	19	52	35	71	55	24	96	8	35	91	1	68	84	82	58	84	33	60	59	10	25	28	95	78	49	98	90	47	36	100	71	9	45	79	83	69	4	38	42	37	28	87	55	75	75	20	83	98	48	28	26	77	47	14	11	32	26	52	15	47	23	89	38	70	53	92	55	81	84	79	45	15	18	10	27	91	51	89	19	23	59	8	16	62	34	51	25	67	17	51	55	15	68	3	51	11	14	14	14	80	48	50	3	39	99	14	17	15	95	32	48	84	80	16	74	20	28	5	35	69	93	69	74	74	27	11	91	72	54	45	14	51	10	30	82	8	30	87	49	65	85	43	22	27	95	27	12	45	97	23	56	37	52	19	51
80	39	51	85	3	49	80	69	64	38	69	17	39	81	72	8	70	40	89	86	57	46	32	38	74	45	67	90	55	36	48	2	8	57	74	73	48	66	72	29	31	44	87	49	77	13	30	47	69	48	45	57	58	27	100	77	42	92	74	8	4	38	15	85	6	55	64	61	9	35	20	3	37	46	100	93	79	96	1	48	88	51	73	80	17	67	23	98	85	95	71	49	9	3	44	41	21	35	5	76	65	77	3	84	83	72	34	24	87	7	19	40	20	24	24	10	12	52	95	56	15	82	35	56	97	54	62	54	69	48	59	84	23	72	44	98	90	64	80	35	100	2	3	47	15	79	31	24	57	67	66	94	20	48	16	95	91	26	36	35	37	45	83	39	29	72	90	78	60	51	38	18	51	100	35	73	84	83	46	52	59	76	16	41	27	60	34	44	75	56	53	98	27	57	27	89	45	55	70	47
90	2	18	71	69	94	37	88	38	30	21	38	79	25	39	65	13	40	51	57	3	55	100	50	10	31	50	86	81	13	41	11	45	19	26	60	90	2	94	25	70	1	68	31	10	74	93	67	43	77	48	54	65	99	36	44	24	3	90	83	25	72	46	3	81	78	50	49	11	66	87	34	40	88	41	90	32	12	9	63	87	66	4	55	27	31	25	54	21	95	1	60	49	60	84	58	61	9	81	24	48	56	90	17	82	3	37	11	54	86	94	17	66	12	42	24	52	43	76	9	61	56	86	96	2	76	64	38	23	92	65	28	41	37	27	13	12	81	4	53	16	27	71	53	98	29	58	38	76	4	32	44	66	90	18	66	20	87	23	61	44	3	27	33	11	53	9	46	49	52	54	67	40	1	5	50	59	51	4	25	13	5	28	44	20	78	6	32	61	87	29	78	61	72	1	33	42	36	50	74
16	84	79	33	74	55	12	74	30	8	21	72	67	88	95	94	84	36	86	58	39	4	100	79	98	65	24	29	42	63	19	28	54	13	28	51	1	3	7	6	55	29	65	54	22	37	79	22	2	46	40	35	92	61	59	77	9	11	18	42	28	10	13	39	98	71	66	1	40	75	56	15	33	2	55	2	53	15	32	41	13	2	51	91	23	95	52	82	9	1	38	18	52	4	9	44	56	37	8	84	93	74	20	57	89	89	29	65	86	89	8	100	4	79	98	7	95	89	88	66	80	43	4	66	32	57	9	28	34	78	47	15	62	80	25	71	17	91	22	100	31	82	100	66	13	76	62	64	32	28	88	81	83	88	95	20	92	92	38	42	42	70	20	88	47	13	42	54	42	14	94	28	58	45	24	33	20	65	14	31	8	40	6	73	62	35	17	90	88	59	37	12	82	89	45	19	61	84	98	52
65	75	65	25	75	89	95	15	92	99	71	89	90	24	52	41	29	21	6	13	65	21	23	1	15	85	60	100	85	49	56	44	67	7	95	66	42	30	9	93	88	70	21	97	70	50	80	31	85	43	79	88	4	28	31	80	62	20	28	7	38	26	42	50	19	34	58	1	95	80	30	75	66	65	17	70	31	86	26	21	54	63	24	47	9	16	86	2	94	3	19	10	47	42	35	26	44	13	38	39	63	95	63	34	65	2	27	66	21	87	37	25	85	13	21	66	32	97	26	9	60	49	35	1	96	32	6	84	8	14	29	46	86	92	73	33	36	67	54	62	39	5	29	79	18	49	19	46	58	46	63	15	13	13	28	73	6	7	86	13	22	76	77	3	33	72	69	31	15	71	2	3	10	56	31	42	19	61	7	9	52	66	11	93	31	81	35	52	88	11	54	25	50	64	25	95	24	95	37	20
40	25	5	72	71	88	25	54	38	45	13	29	21	78	17	69	53	44	88	47	61	8	69	59	20	2	97	4	32	52	17	2	93	46	66	3	19	7	87	21	59	77	31	16	27	88	61	43	66	5	36	45	82	58	22	47	85	29	42	19	75	61	6	98	56	48	20	51	62	76	76	14	14	42	10	13	63	26	65	14	27	23	30	2	30	88	18	77	5	28	47	75	66	46	5	25	26	26	50	15	66	3	86	25	33	33	31	7	20	77	1	34	12	38	78	16	67	45	48	32	16	51	27	97	61	87	41	73	74	73	33	57	29	56	60	100	99	87	69	83	24	37	91	19	79	2	47	39	7	12	9	88	29	71	55	36	21	59	78	66	83	46	58	4	40	72	4	96	47	54	97	63	33	13	49	93	51	19	58	29	86	91	5	79	49	51	87	29	65	67	29	52	97	56	40	41	38	36	8	15
38	36	18	7	21	57	42	27	1	62	61	45	23	39	23	23	39	34	39	24	27	22	87	86	73	82	72	56	41	2	72	35	6	6	33	24	30	13	44	46	71	7	92	55	98	2	93	31	54	68	40	37	56	98	79	28	66	84	59	12	48	96	44	90	65	55	37	22	29	92	35	76	87	56	42	65	40	3	42	61	100	41	87	25	3	2	55	57	76	76	94	30	13	86	12	29	67	51	31	38	88	32	37	78	68	18	6	79	86	78	3	2	13	47	65	12	68	95	96	93	18	55	58	79	69	60	78	72	45	88	56	27	89	86	37	61	98	30	8	4	100	36	36	83	78	49	96	43	1	68	5	38	19	66	51	3	9	44	64	61	87	4	61	48	13	34	14	98	6	20	31	37	23	23	97	83	92	13	15	91	89	34	63	3	38	82	74	51	24	95	25	62	28	29	51	79	68	63	44	61
74	41	69	24	62	9	59	73	74	1	30	21	53	18	54	80	38	93	99	28	17	33	34	43	86	1	50	77	46	62	76	81	48	30	11	64	11	26	34	76	21	39	64	15	91	96	22	12	60	3	11	1	5	80	25	11	58	39	5	75	56	6	18	53	39	34	6	70	52	62	93	17	28	4	13	99	48	81	54	73	45	39	57	33	49	45	4	10	82	38	26	88	93	57	24	78	84	51	36	80	75	96	84	34	60	65	51	60	72	36	89	88	14	2	46	50	50	38	16	37	9	54	36	46	72	2	68	23	3	11	19	73	32	46	17	83	80	40	42	67	80	35	95	68	74	86	7	9	67	39	70	82	24	89	90	2	75	36	89	58	29	86	55	16	75	6	98	38	59	39	14	68	8	13	80	23	78	6	93	58	19	85	64	99	76	18	30	35	42	82	97	66	6	68	77	60	12	39	65	36
9	64	32	36	32	51	38	41	6	14	60	49	38	79	42	51	81	50	56	75	50	10	97	1	16	2	44	27	3	96	63	6	26	20	93	53	47	53	42	62	69	89	82	92	39	38	98	69	78	47	50	12	50	56	75	53	75	71	69	61	97	87	39	85	9	39	94	40	87	15	21	73	76	34	29	90	47	23	48	96	20	15	91	11	51	5	94	29	2	8	2	51	49	80	54	45	93	63	71	42	24	99	63	73	55	36	45	25	56	6	28	35	57	29	69	34	46	5	95	75	61	68	84	33	73	21	79	16	53	4	52	98	39	98	43	14	59	47	93	43	83	76	81	21	3	60	46	28	12	84	80	3	72	70	25	11	84	90	78	15	24	69	48	42	86	81	69	46	66	15	11	9	31	59	62	16	84	62	65	89	79	40	63	89	59	88	37	32	58	72	31	81	96	32	23	71	10	94	87	32
79	20	98	27	72	29	38	14	40	50	45	68	66	70	17	64	11	99	72	23	82	52	10	96	56	65	72	2	28	8	100	77	49	95	98	4	4	39	77	60	78	40	38	43	54	96	52	20	88	29	78	93	98	66	49	20	88	8	37	88	87	70	95	84	77	23	98	18	10	5	87	56	90	70	78	9	13	92	81	97	72	23	61	60	4	38	95	61	1	68	33	63	88	32	58	16	9	40	46	81	35	89	71	93	87	8	93	84	45	54	83	71	65	64	46	29	19	62	89	22	52	48	89	62	89	45	91	76	45	5	8	14	61	62	14	46	96	57	48	54	39	35	34	3	33	50	11	71	71	5	32	11	51	34	29	67	20	1	63	9	3	51	12	36	84	29	95	27	5	40	34	48	48	59	44	25	29	56	55	65	55	93	73	12	37	49	38	91	20	32	89	100	23	69	53	3	93	61	38	27
62	94	71	38	84	14	10	50	84	56	80	55	90	45	93	10	17	14	10	76	53	43	68	16	90	45	68	63	68	27	19	85	96	92	23	61	11	86	74	53	75	59	77	28	67	66	78	1	3	8	20	55	74	55	64	12	92	10	52	21	42	6	65	3	10	38	76	81	66	73	19	60	14	11	33	93	13	94	80	11	77	27	97	15	2	65	62	15	73	22	28	5	26	94	96	48	48	54	71	39	36	44	47	63	79	82	38	95	67	73	21	32	28	80	96	88	58	8	53	78	21	13	62	47	29	33	66	76	70	80	44	96	76	6	23	80	42	9	47	34	69	13	10	28	46	27	11	36	64	7	30	92	21	68	65	80	18	90	70	46	30	16	22	37	95	76	53	69	35	22	10	39	13	97	18	63	98	66	23	25	9	89	57	70	4	37	43	63	47	52	90	12	9	43	90	64	73	90	16	21
11	21	88	100	27	41	67	42	7	82	91	16	42	29	64	96	85	42	31	41	50	26	98	22	81	47	16	79	39	46	58	70	87	21	73	69	50	2	98	89	34	67	91	23	62	19	79	17	66	7	26	57	55	68	36	21	60	62	77	96	43	85	74	74	62	84	92	22	85	88	7	94	55	55	54	18	66	29	94	29	99	36	48	22	76	72	57	36	62	26	61	58	73	77	93	63	36	48	98	31	61	53	59	42	69	3	13	44	100	83	26	66	76	73	37	96	96	72	54	50	62	84	39	76	25	22	82	24	10	89	41	18	52	30	32	49	53	77	1	63	57	58	73	10	69	42	90	21	28	61	92	42	45	7	55	86	11	37	91	99	51	4	73	28	2	16	80	71	79	42	52	64	55	70	54	22	94	80	68	82	92	26	7	38	51	71	22	67	45	29	98	35	26	75	38	18	29	19	78	48
77	33	98	86	61	8	88	2	53	31	16	17	5	8	47	90	92	56	91	40	12	16	40	9	78	67	99	69	59	16	68	25	59	67	13	74	59	60	95	18	71	8	15	51	96	18	39	10	12	41	69	44	97	67	30	64	26	53	63	27	98	59	82	98	83	70	31	55	25	94	4	85	4	42	64	57	94	22	25	50	5	26	96	82	45	46	18	9	28	21	36	22	81	86	78	25	43	5	75	25	65	80	33	77	75	53	83	82	22	74	51	50	83	50	86	89	7	93	35	27	28	40	27	14	93	40	3	84	77	19	13	20	89	17	89	17	63	80	21	41	47	72	74	98	27	89	81	81	60	88	7	65	21	30	56	35	64	48	45	61	4	33	18	3	5	1	32	56	31	21	3	63	13	66	45	10	83	72	3	100	78	75	91	80	34	82	27	43	1	39	84	67	80	65	10	49	5	21	47	65
73	2	38	48	10	90	76	78	1	5	81	86	8	58	42	82	63	38	28	4	22	49	49	54	85	39	21	58	11	50	51	4	63	22	27	51	13	98	37	95	2	47	57	62	84	18	21	43	7	12	37	28	39	93	80	12	45	30	42	2	38	26	40	14	15	69	50	92	100	8	45	77	98	47	55	41	80	18	52	89	88	73	5	51	87	83	37	2	1	90	84	16	80	69	82	80	36	53	42	72	39	30	54	77	35	90	81	3	22	46	23	37	15	16	47	100	60	1	83	22	14	77	45	100	29	29	21	23	64	84	77	75	15	86	48	87	57	24	37	48	5	59	98	44	38	61	49	22	97	22	66	92	54	22	55	11	19	37	40	70	17	68	62	23	47	31	12	49	11	59	17	96	24	45	44	1	7	19	66	50	97	22	18	21	95	86	98	15	60	93	83	82	63	54	45	45	27	55	69	17
56	74	62	86	87	3	55	49	8	35	61	45	59	58	97	48	74	18	13	76	47	10	16	7	64	67	20	33	72	78	3	8	1	43	83	32	35	43	53	25	57	88	70	33	8	77	32	58	84	70	90	23	59	6	88	38	22	93	65	99	52	60	8	29	73	35	34	84	33	18	41	82	10	42	32	57	41	100	52	38	65	74	92	68	12	10	54	13	55	21	22	13	88	69	36	13	94	72	62	100	20	65	50	43	9	35	62	46	54	47	94	76	86	89	29	1	68	29	1	29	53	94	25	77	35	9	3	62	90	23	11	99	70	4	16	1	67	35	40	21	37	64	17	21	65	17	22	25	53	36	15	3	88	76	16	16	74	30	43	54	56	57	80	26	81	27	50	48	71	59	40	48	58	42	63	25	32	68	5	37	89	72	63	84	46	2	84	56	40	52	18	10	13	21	51	34	83	19	1	83
3	63	29	52	48	88	10	10	8	15	89	44	16	9	96	84	96	94	26	97	99	70	69	73	7	23	10	22	42	44	95	5	90	67	100	54	54	90	58	98	4	49	43	15	99	27	30	38	73	29	40	34	62	74	49	17	55	26	57	24	72	55	78	72	1	90	88	70	88	97	29	6	42	42	57	24	95	15	69	55	87	62	33	90	18	32	16	69	13	69	62	18	96	6	74	21	41	3	16	12	85	92	71	57	8	11	55	5	66	7	99	54	4	8	3	84	93	73	78	20	49	44	2	48	88	49	96	12	63	92	5	27	26	22	7	71	18	33	53	70	26	63	47	43	55	85	57	23	84	81	10	61	41	84	55	10	72	15	40	22	32	21	6	54	54	92	54	43	44	60	58	2	75	46	2	31	59	18	4	57	55	13	86	76	9	99	32	100	85	49	18	55	28	9	38	58	81	6	65	28
68	86	40	83	69	67	72	57	2	85	95	73	72	91	40	42	83	77	57	66	35	33	40	74	12	98	83	90	36	45	70	18	38	16	92	91	11	30	96	87	28	65	47	29	12	59	58	73	39	34	8	83	80	78	16	53	72	3	81	58	50	93	13	4	9	81	74	41	13	25	36	75	58	55	68	85	38	74	73	82	19	43	94	41	37	95	79	63	6	3	14	86	38	23	10	44	36	43	96	80	18	26	70	59	44	35	81	23	68	41	12	83	92	28	73	8	87	58	84	35	2	31	22	13	90	37	44	77	47	71	18	84	19	57	40	88	63	97	15	56	19	55	4	37	62	86	36	20	72	54	26	29	36	52	10	95	40	59	93	23	84	88	44	43	30	83	1	77	18	81	73	68	29	99	27	43	93	74	31	7	98	14	93	10	35	30	61	34	2	55	36	8	21	39	95	20	71	60	52	16
98	32	83	69	18	4	44	19	65	77	69	95	49	75	91	3	7	45	28	100	82	80	58	27	99	73	12	49	7	92	6	65	7	40	82	20	24	25	56	97	67	79	55	50	40	45	28	69	87	26	89	85	26	75	33	82	94	91	16	82	64	43	77	3	44	45	13	83	94	20	75	13	85	42	42	10	52	72	15	31	89	73	91	20	61	57	68	39	6	80	13	15	16	99	10	72	9	87	83	95	11	24	84	75	15	74	53	64	48	20	20	49	50	59	88	58	47	98	10	6	29	89	69	56	57	32	63	46	99	73	99	8	26	71	22	22	7	33	7	45	47	92	42	47	7	75	55	80	11	41	5	87	11	81	64	62	42	87	27	30	97	37	21	78	44	68	58	24	7	28	65	10	11	60	88	88	72	8	33	3	18	80	1	54	23	90	79	40	71	32	7	3	20	62	78	39	68	49	4	35
9	39	28	47	75	76	5	13	86	22	25	33	57	64	9	57	55	26	82	53	20	64	1	55	38	100	12	45	55	14	67	16	28	45	96	60	7	97	34	63	82	24	29	99	69	16	23	72	97	39	86	47	64	58	27	39	71	59	40	71	86	51	96	31	100	15	83	11	74	91	12	22	19	100	8	95	40	45	79	65	81	72	89	61	98	82	54	95	95	8	82	30	15	12	5	73	24	68	88	56	18	79	63	52	32	26	57	47	84	14	17	30	100	17	60	7	78	45	71	56	21	41	60	23	30	61	16	21	1	35	19	2	88	5	7	75	55	68	37	31	15	62	3	100	99	94	10	88	5	39	57	89	27	96	34	2	88	65	31	8	94	100	32	5	71	39	32	18	36	25	18	13	58	50	61	20	66	22	100	93	87	46	92	38	9	17	85	3	48	99	21	94	87	41	82	27	63	33	93	43
4	63	53	65	48	49	7	26	59	99	12	16	80	84	23	75	30	44	8	51	68	86	34	89	83	4	21	74	47	97	31	16	17	90	89	47	22	46	78	38	83	7	44	11	30	95	6	11	97	98	96	36	75	38	60	85	15	19	90	79	27	90	32	76	29	67	45	20	19	39	76	88	91	88	84	22	52	59	56	22	17	54	65	84	1	76	80	95	59	8	32	54	24	15	98	96	67	15	16	13	54	94	44	70	53	38	77	31	1	87	86	62	8	31	69	91	39	57	53	20	82	77	58	31	17	35	35	83	21	18	10	5	33	99	99	58	92	54	44	95	88	70	18	38	87	46	2	43	37	5	80	45	65	15	47	11	11	57	56	5	42	72	6	72	76	3	6	61	27	40	50	4	25	47	48	3	84	2	38	41	49	13	98	37	11	82	95	43	75	46	48	89	43	20	86	88	21	45	59	85
24	83	26	70	1	17	5	78	23	54	4	60	29	34	10	79	79	2	24	5	96	30	2	60	67	15	99	19	41	96	67	6	1	50	35	28	59	2	33	49	99	69	77	86	83	74	22	54	43	55	93	80	65	5	6	46	45	57	77	5	94	82	99	84	55	30	24	85	66	75	22	80	44	34	71	93	54	59	79	77	47	19	69	9	96	44	77	39	77	66	96	38	10	82	68	61	71	60	92	92	11	100	37	70	10	22	98	68	90	54	37	23	9	94	1	12	91	8	43	72	73	8	24	53	59	65	36	82	87	25	60	70	26	97	77	69	11	75	42	27	82	98	70	18	51	38	1	66	77	75	6	19	50	78	66	52	89	82	99	49	59	33	66	58	66	38	75	45	56	9	22	50	86	62	25	50	43	50	17	85	39	95	28	16	54	57	19	88	34	64	54	12	60	80	15	15	42	35	1	53
79	75	31	68	63	91	52	11	34	17	98	32	76	67	27	85	68	85	85	50	83	43	57	13	6	31	95	8	24	87	97	27	39	61	81	61	86	5	47	1	10	45	66	35	60	83	50	96	89	68	85	85	34	89	81	53	99	71	89	53	15	35	9	48	81	39	90	13	94	4	74	84	100	57	7	1	81	68	65	44	25	84	94	14	76	36	32	84	31	65	84	19	73	88	87	15	66	38	32	68	6	20	45	86	21	33	77	97	31	70	3	33	42	26	20	25	64	55	59	66	80	30	85	2	10	19	96	47	62	33	93	87	24	43	78	62	14	83	37	59	16	25	49	71	56	44	7	19	78	13	100	47	50	61	93	39	5	19	40	28	39	29	52	26	42	90	20	6	44	97	100	19	5	37	51	3	7	71	48	69	48	25	29	36	66	18	95	36	83	7	1	70	80	14	23	38	87	60	26	99
50	67	45	60	86	83	95	80	8	44	41	36	76	52	18	36	62	49	71	13	88	90	92	25	4	79	65	51	53	100	31	56	77	71	24	82	86	25	98	70	83	55	75	45	80	30	39	6	39	70	66	79	60	47	24	68	12	98	31	88	51	56	36	90	53	8	29	64	29	91	80	56	31	99	83	9	68	37	49	51	22	97	73	64	21	31	85	89	65	99	91	51	66	64	84	79	36	96	7	25	9	2	61	93	30	91	36	35	90	67	57	24	63	94	60	87	53	20	90	82	31	40	48	97	68	28	25	29	59	27	71	83	89	30	69	86	100	29	74	63	69	46	14	58	55	58	64	38	38	2	80	92	8	58	84	29	73	85	30	91	5	61	77	60	67	96	5	22	16	13	1	40	11	27	24	84	48	29	83	64	31	60	53	55	7	67	70	45	91	95	74	85	17	1	92	86	34	14	58	28
54	64	58	40	65	24	59	43	31	79	63	96	25	20	99	17	15	97	14	65	81	19	84	78	58	62	4	7	84	31	75	44	24	71	2	77	20	26	37	9	83	59	54	75	62	51	36	2	44	93	85	92	20	81	44	16	85	58	47	45	98	47	19	94	98	82	28	40	16	28	46	91	84	32	17	81	4	77	13	15	71	14	69	51	55	35	19	25	77	38	51	94	24	69	85	25	46	93	32	4	71	28	7	48	88	69	2	100	38	52	91	45	24	96	68	18	8	72	73	88	52	80	13	91	17	37	11	45	63	74	99	83	1	90	23	83	91	34	76	31	68	76	16	46	97	39	69	24	93	59	16	86	5	66	77	14	48	68	25	59	84	39	13	9	80	55	5	93	25	100	82	8	59	91	30	75	66	21	77	20	16	11	23	7	99	56	86	53	78	83	53	66	86	7	40	51	42	58	99	5
98	45	78	75	40	67	37	1	91	89	63	72	53	99	4	22	68	10	19	12	37	10	60	74	91	19	49	53	15	73	12	69	3	26	96	94	79	55	61	52	58	28	66	69	12	66	54	36	46	62	76	30	50	52	96	72	18	84	7	77	68	15	67	83	41	49	91	22	93	38	2	69	9	3	35	51	40	32	3	25	79	31	50	1	14	54	94	15	32	36	82	19	59	52	46	56	30	75	90	87	43	26	23	99	27	28	25	22	42	82	18	52	7	100	94	1	22	16	53	78	3	6	77	78	37	44	10	36	49	100	86	70	72	53	76	93	60	87	87	46	56	44	85	78	53	29	46	81	17	62	4	60	40	45	51	63	23	20	20	68	95	60	17	45	82	23	36	54	32	96	63	97	49	70	39	37	51	2	56	68	64	31	23	82	51	57	15	73	83	97	24	18	97	41	69	67	85	19	100	83
58	99	95	87	44	92	9	21	92	74	62	36	84	26	5	99	48	41	22	30	63	21	59	52	4	49	32	39	82	25	6	53	79	70	7	91	28	16	20	6	14	46	62	42	19	58	70	45	13	68	94	21	59	78	26	64	69	53	49	69	64	63	78	100	50	5	15	94	95	98	36	53	69	33	67	29	84	5	54	89	62	62	46	83	14	47	89	66	18	28	63	97	80	76	94	49	21	66	5	51	96	58	6	52	85	33	15	37	49	57	88	55	34	43	100	62	61	94	16	5	60	76	30	26	64	39	96	81	56	8	74	33	8	83	34	68	18	45	75	38	41	31	83	83	47	46	89	9	4	100	51	94	74	7	94	24	49	13	16	29	72	20	63	27	66	26	19	74	34	1	11	81	33	49	76	17	43	44	72	95	10	11	27	50	30	60	32	8	94	89	76	76	51	4	3	91	51	67	94	24
89	51	60	75	51	44	80	21	74	7	95	44	70	11	51	21	72	23	99	5	89	38	8	28	58	82	33	74	81	60	38	32	30	30	26	27	35	33	5	65	65	98	85	32	89	83	21	71	17	72	19	5	15	16	37	62	82	67	1	84	99	48	23	91	27	55	35	49	89	30	69	37	42	86	3	50	37	25	51	58	62	26	33	48	29	21	11	53	39	39	42	48	32	88	45	67	34	13	1	72	22	86	77	45	75	23	70	78	2	9	37	93	79	82	28	81	35	91	6	28	18	100	5	71	33	38	35	53	11	80	77	11	18	71	11	7	86	22	43	84	42	72	19	28	6	12	29	32	35	93	60	69	2	23	51	48	15	19	5	17	50	92	37	54	98	4	4	8	71	51	67	87	64	63	88	73	37	30	98	60	97	43	81	40	19	8	59	5	9	59	31	57	56	22	4	61	25	87	15	76
9	99	10	78	27	59	8	77	76	61	34	11	81	34	60	22	89	22	90	34	85	99	46	91	30	47	43	48	14	41	17	55	20	86	76	37	63	62	68	4	83	94	76	31	9	97	64	6	73	74	80	51	20	72	61	29	33	97	48	17	20	56	18	54	13	2	80	76	8	53	16	99	60	77	20	44	5	94	28	49	59	28	13	26	23	68	66	54	72	87	34	70	50	64	54	6	12	35	71	76	93	56	18	36	45	62	52	81	42	86	88	19	51	54	51	73	44	43	72	12	33	52	8	16	85	82	55	71	24	91	61	68	54	99	82	63	64	100	90	44	80	99	3	31	3	78	58	68	11	24	49	54	67	14	11	18	24	32	34	35	9	70	18	70	75	30	45	54	68	86	20	73	88	65	99	9	58	67	55	1	81	4	81	92	74	94	76	63	98	32	68	20	26	25	37	74	4	21	28	36
29	27	64	97	65	65	83	1	43	77	16	51	19	94	51	82	66	70	60	58	100	45	99	99	22	76	86	23	26	15	7	65	84	24	36	95	66	67	30	20	8	28	89	24	19	67	82	64	48	96	85	61	97	51	9	90	30	53	39	13	23	24	35	75	92	97	36	39	52	31	79	2	43	52	55	78	2	78	23	31	77	40	95	31	9	66	92	7	23	98	13	89	90	19	76	81	38	38	24	38	23	9	20	20	51	81	81	34	27	33	74	90	32	58	90	99	41	72	32	99	91	30	81	86	41	78	40	51	76	41	53	41	63	88	80	62	56	60	17	94	28	25	68	40	80	23	21	7	61	90	90	98	78	12	99	81	40	36	24	60	36	13	97	26	86	85	95	52	99	8	71	11	68	45	46	21	9	34	48	30	30	44	65	20	31	19	99	61	8	87	46	64	90	79	88	34	67	78	42	71
77	26	9	38	24	90	100	34	2	48	89	59	69	9	45	33	68	33	92	94	66	43	63	4	82	16	60	10	24	17	63	51	39	6	8	33	85	61	86	28	15	62	53	37	30	3	66	81	33	92	61	31	66	43	11	61	10	53	21	85	37	44	9	87	44	20	38	19	44	27	58	71	20	93	96	29	53	74	43	31	97	80	3	77	61	21	50	16	71	57	63	60	52	44	99	50	47	26	3	77	44	99	24	77	24	65	91	31	14	70	63	62	46	59	2	53	16	41	25	15	22	73	83	55	41	59	51	7	37	3	42	63	70	2	49	67	100	48	45	59	22	9	27	2	48	75	93	64	81	33	42	8	43	94	46	71	78	43	69	49	72	79	2	77	65	34	54	78	33	20	72	39	13	91	46	60	22	30	26	83	77	51	38	61	15	36	42	12	52	55	9	78	16	24	78	73	75	100	90	12
60	51	74	1	35	69	5	45	88	4	90	31	6	27	62	71	82	28	16	3	60	61	98	98	75	70	56	67	80	23	89	62	14	16	37	55	6	12	9	81	42	75	92	9	65	45	42	69	90	33	99	51	50	38	40	63	82	43	76	55	7	94	91	8	50	76	2	40	65	17	13	29	3	38	80	87	89	87	76	12	90	18	30	79	37	12	5	37	56	90	100	9	5	65	19	87	83	52	12	56	84	65	63	64	21	35	89	81	37	73	44	45	44	37	81	11	74	73	33	23	29	53	18	42	1	7	30	47	94	12	42	69	41	7	17	79	88	63	73	29	36	50	99	45	90	11	47	80	31	64	59	63	4	12	87	58	91	94	91	22	45	81	87	86	98	26	87	96	91	54	52	84	36	46	70	17	10	28	82	62	49	50	66	70	63	61	1	36	42	19	3	13	22	32	28	14	38	26	37	15
61	37	31	80	75	14	92	34	90	58	42	20	55	8	35	19	5	35	43	92	85	7	27	93	23	9	87	52	42	37	89	72	31	30	88	42	86	81	16	11	11	30	40	40	99	99	54	64	19	84	80	50	2	23	19	41	69	11	93	62	69	11	95	92	33	98	17	50	33	5	65	26	31	96	80	76	9	5	46	34	20	16	39	14	47	43	72	54	97	85	57	60	43	32	44	4	69	52	43	51	86	48	90	20	82	47	100	19	3	6	88	79	77	33	17	53	91	32	83	29	69	53	59	12	25	67	54	70	90	98	76	48	52	82	19	29	17	84	48	66	9	3	20	6	65	35	37	99	74	75	87	70	96	20	88	35	65	5	43	96	97	46	82	7	83	30	58	14	64	84	27	62	94	7	43	34	12	6	18	39	57	67	98	89	64	50	28	6	68	87	22	64	4	87	81	3	29	56	22	55
89	58	34	78	49	28	9	74	99	62	31	70	24	82	93	70	67	9	8	16	56	47	36	94	78	20	83	39	76	25	30	72	73	72	65	42	61	45	4	99	66	75	57	17	24	38	39	71	39	80	47	95	10	59	86	29	56	53	73	25	99	9	39	67	27	53	57	18	15	27	10	15	60	92	50	57	2	61	75	40	43	32	21	26	33	40	59	2	85	49	25	85	97	67	92	73	66	74	99	70	100	26	11	11	2	30	100	59	46	36	77	53	85	22	32	50	92	71	15	76	24	21	37	40	51	14	16	42	97	52	18	71	1	61	55	39	37	20	44	21	22	73	39	24	47	29	88	1	20	68	43	4	19	53	55	14	2	98	60	25	18	40	18	53	66	18	60	41	72	15	36	53	47	94	66	29	25	85	21	60	82	56	83	28	83	10	58	43	74	10	5	18	97	82	47	19	17	58	4	12
38	36	89	16	26	59	53	71	42	71	59	94	80	8	80	12	1	18	86	9	14	76	49	34	10	55	77	27	58	69	82	23	17	79	44	10	66	67	41	66	75	8	77	65	61	89	50	11	43	75	41	77	91	86	61	2	24	67	63	2	44	74	24	83	12	63	17	62	34	22	37	74	87	54	32	47	21	63	44	76	81	50	75	74	97	14	32	53	97	35	26	55	14	66	38	24	33	37	100	98	77	68	45	83	73	59	67	14	6	77	92	82	94	91	51	15	83	27	66	84	24	13	37	92	73	35	61	48	10	24	40	14	49	56	90	67	64	89	40	27	95	50	56	92	97	80	52	67	88	3	42	98	59	52	1	2	98	46	67	89	1	22	71	17	49	21	68	65	93	67	55	51	2	42	8	79	36	93	17	11	16	77	12	82	22	19	82	35	65	88	40	60	1	31	16	27	2	39	37	8
65	37	79	78	41	32	12	77	70	30	3	72	56	98	50	79	16	89	14	95	4	90	100	36	9	10	57	60	11	19	70	22	35	78	30	23	13	79	11	36	62	3	15	7	7	30	29	16	100	49	100	38	39	64	5	45	19	65	44	68	40	68	86	22	98	61	62	67	65	60	93	69	71	47	73	95	58	24	11	52	68	49	62	73	49	39	93	36	13	87	14	87	83	67	78	30	48	31	3	7	47	44	66	6	38	51	55	89	62	37	9	34	37	83	30	53	67	78	82	55	38	33	31	59	22	59	56	6	41	41	43	97	7	4	5	45	34	46	96	78	37	36	44	16	70	91	18	89	52	42	57	27	44	40	73	85	45	52	51	76	98	58	88	9	57	40	7	25	69	19	65	25	60	50	58	31	67	72	22	10	99	35	62	72	57	69	59	36	61	10	88	95	4	32	55	65	83	80	63	47
86	64	55	18	33	45	58	86	68	28	24	63	94	9	61	37	96	54	13	88	81	50	66	79	20	63	18	14	31	73	26	38	12	73	30	32	49	23	54	15	50	95	11	30	31	42	79	40	76	13	98	89	72	80	93	23	52	80	66	37	36	97	64	13	90	95	96	63	51	25	12	36	27	37	61	81	45	21	100	77	15	17	99	51	6	44	77	62	71	10	87	36	60	98	16	27	27	10	58	49	47	22	74	91	72	80	91	11	52	87	76	68	83	5	3	19	55	30	51	83	67	65	64	15	29	27	17	52	81	54	36	10	12	42	33	52	22	74	54	48	78	65	70	99	43	42	56	22	54	41	86	9	2	70	28	96	90	71	33	53	28	77	31	74	35	42	19	11	37	17	23	66	90	57	15	25	22	64	57	100	43	50	42	28	32	50	14	98	8	42	21	89	95	96	92	18	5	66	21	49
71	58	84	73	53	43	91	76	81	67	94	91	53	59	11	25	31	75	36	63	30	17	33	52	77	30	75	91	24	34	60	13	3	91	94	55	23	59	75	100	65	58	37	72	42	4	36	57	25	66	30	90	9	100	68	6	23	37	29	87	77	91	89	80	32	38	33	18	19	76	30	68	99	11	83	59	38	87	73	77	61	85	29	47	22	44	20	75	81	76	35	31	46	3	81	93	76	76	8	24	40	42	8	68	43	2	55	14	3	11	9	10	20	10	33	69	38	25	78	14	6	39	6	26	35	100	23	66	84	72	83	16	36	81	24	69	75	31	29	83	72	6	13	44	53	6	37	53	31	62	15	37	98	61	54	71	44	83	3	1	92	17	97	25	57	95	54	64	74	12	13	14	79	70	98	90	76	30	99	38	87	43	53	72	18	10	88	25	39	52	24	67	36	16	58	86	23	91	8	61
59	49	19	73	85	11	30	68	94	1	25	7	19	89	5	9	44	79	31	57	70	39	74	37	77	31	31	20	54	42	29	54	58	32	42	43	45	30	94	8	54	38	11	20	56	95	10	85	70	32	47	48	36	15	52	87	99	60	6	67	22	44	43	75	98	37	90	50	32	93	19	36	53	60	49	96	51	21	63	15	75	69	29	58	77	45	61	59	10	72	54	4	77	74	52	42	80	67	36	15	23	34	98	33	79	70	66	80	28	78	20	85	68	60	60	48	33	81	52	26	89	5	49	91	8	38	82	22	62	55	47	34	89	89	43	6	38	7	52	75	82	95	95	32	39	2	24	71	72	82	99	2	53	97	43	26	47	82	57	30	97	41	73	5	30	84	56	81	23	13	56	46	6	92	74	63	16	70	44	90	74	90	26	30	55	60	66	32	26	86	99	28	71	40	58	37	94	45	39	54
52	98	28	91	58	27	29	55	64	68	45	93	20	44	70	21	92	92	84	80	94	65	63	58	2	90	53	52	4	40	8	55	66	25	45	38	56	95	69	78	57	58	69	26	66	76	89	82	66	7	70	99	55	58	17	53	39	57	85	60	65	30	40	2	76	67	99	47	100	80	63	53	90	20	56	63	97	72	57	33	71	1	13	17	35	78	27	32	93	84	21	33	22	50	48	80	29	39	72	10	70	66	2	11	11	93	74	74	68	93	76	95	13	7	79	96	49	90	1	33	86	62	61	37	82	32	47	6	20	34	63	14	46	31	4	13	56	17	93	41	100	35	49	22	35	76	33	64	70	47	56	23	13	96	99	39	31	95	74	91	69	74	87	97	40	31	67	47	72	48	73	80	1	99	96	14	84	19	99	56	86	6	71	1	83	51	10	87	9	71	20	57	39	22	66	59	36	27	95	63
22	5	91	76	21	26	94	66	31	43	53	62	90	43	76	44	39	70	32	16	18	89	58	36	67	38	3	1	87	1	75	49	50	43	98	83	31	14	75	38	86	44	21	98	26	89	42	76	31	59	99	61	38	92	21	82	20	82	78	97	7	42	66	78	61	31	50	57	21	20	28	93	31	84	20	92	27	40	36	11	12	51	51	36	87	31	18	88	47	8	17	13	21	87	84	60	57	52	19	52	60	83	56	7	59	31	11	70	86	83	74	58	88	2	38	84	93	10	75	4	89	56	26	23	91	38	97	48	61	30	27	65	17	73	50	49	65	2	51	47	80	91	77	21	20	29	30	74	98	22	4	71	23	70	29	9	14	36	3	18	94	69	72	37	92	74	80	94	20	39	21	46	8	48	68	99	27	9	3	88	43	91	78	11	80	93	33	93	92	100	45	97	52	50	3	17	73	86	100	12
14	40	57	70	89	25	55	68	42	78	60	63	93	13	22	25	44	74	40	86	23	90	68	34	8	73	70	27	32	25	20	93	33	88	29	66	54	21	80	85	93	8	81	42	66	7	56	2	46	83	43	56	54	15	42	93	28	39	54	65	21	64	49	60	80	88	31	85	7	48	79	90	42	10	56	3	99	98	51	2	29	60	1	51	31	14	2	97	52	65	13	80	6	33	9	10	22	37	29	10	1	26	33	93	42	45	78	40	50	25	60	9	53	45	38	38	74	86	47	90	31	68	63	93	48	71	26	67	56	9	74	71	16	46	52	70	46	2	41	59	13	80	85	44	42	29	63	82	85	76	32	15	25	66	74	92	59	60	47	42	71	28	23	45	6	55	90	15	50	28	13	90	94	79	84	4	2	21	7	88	32	75	38	72	1	41	2	43	77	1	97	70	97	84	60	81	27	50	92	15
80	59	47	77	99	12	29	61	63	63	45	27	22	47	66	22	88	19	4	91	49	15	80	13	73	54	31	83	21	71	89	21	68	28	20	16	98	18	77	19	33	74	93	71	10	67	87	53	33	63	19	61	42	38	40	62	98	100	59	18	51	29	46	70	3	18	16	77	91	14	8	1	98	77	9	22	28	63	46	92	84	68	80	93	63	50	41	43	72	16	62	87	15	90	93	51	25	24	75	83	9	16	91	91	19	18	96	71	11	6	98	2	6	70	32	74	27	98	55	65	18	27	32	1	53	95	8	52	41	23	87	53	67	62	76	24	91	95	20	1	36	34	90	90	33	73	46	15	71	99	31	16	97	20	47	100	51	45	57	27	79	93	84	21	19	47	25	90	47	55	50	76	92	82	12	82	10	45	54	41	99	18	62	41	97	23	94	86	20	47	56	44	10	90	2	28	31	61	37	70
3	87	19	56	71	80	100	18	14	54	44	27	17	59	95	58	30	27	44	97	22	61	2	61	63	71	78	15	90	44	82	61	87	80	88	62	69	39	76	20	37	20	29	48	20	29	66	54	5	60	58	12	70	85	72	54	1	75	92	72	48	86	39	82	18	25	46	70	43	78	32	8	19	10	89	2	1	40	53	64	49	7	44	8	88	43	6	86	39	39	74	95	86	71	8	39	21	86	44	16	81	97	11	28	44	75	65	13	36	36	57	85	92	8	34	93	78	71	27	31	72	73	40	95	17	4	36	32	16	53	87	33	62	27	66	14	26	72	68	65	68	74	3	79	12	14	15	82	62	49	42	40	83	64	2	7	81	35	84	63	64	20	80	6	93	3	37	9	99	29	10	54	64	37	36	77	86	99	5	63	79	87	8	57	23	4	34	47	60	61	44	64	25	85	57	38	74	7	74	67
28	79	82	65	94	99	44	41	66	35	71	55	51	22	64	56	51	75	82	5	16	22	37	6	18	22	26	59	52	54	22	3	49	90	78	32	71	82	97	36	92	29	71	3	54	69	33	38	34	72	6	59	75	40	20	71	13	100	15	17	16	11	99	25	32	24	43	81	62	61	12	41	70	48	73	87	56	99	84	25	72	90	60	2	99	56	31	13	65	18	19	97	91	15	5	82	91	10	59	83	47	34	35	30	17	87	10	7	85	31	50	17	83	38	78	85	42	79	24	92	16	66	37	48	50	77	74	24	25	55	70	94	15	43	22	59	32	15	51	60	14	86	38	26	63	24	79	78	67	72	9	100	49	15	22	52	17	47	55	80	6	6	91	5	95	40	48	22	6	31	95	99	36	62	86	23	56	1	46	91	23	89	48	58	47	17	22	35	62	58	84	69	56	29	47	48	100	86	12	17
79	10	34	51	4	28	29	63	93	36	70	62	49	58	13	64	36	64	84	19	54	9	97	100	33	97	42	22	98	69	38	6	90	85	81	92	81	70	32	89	11	19	43	38	39	79	88	89	25	37	76	9	72	31	12	53	19	95	56	60	6	87	95	67	67	55	50	40	35	100	97	17	74	32	33	42	66	85	50	84	31	22	48	20	100	97	58	21	56	84	84	47	87	55	26	11	96	24	63	3	53	17	68	54	55	15	42	15	100	17	69	26	68	73	74	70	96	13	8	15	25	76	11	79	34	76	84	39	46	21	68	5	6	46	78	82	8	90	16	23	2	1	28	56	41	4	93	52	27	4	44	65	29	2	87	5	66	18	9	77	14	66	95	27	53	13	98	79	66	89	64	93	79	89	43	25	22	84	56	74	25	59	27	7	79	53	83	38	19	44	75	27	21	36	26	38	41	14	7	86
49	69	11	48	54	14	42	45	4	53	50	49	44	86	48	87	76	97	77	52	35	49	68	42	97	7	33	5	21	48	78	6	41	83	37	88	99	8	62	82	68	38	47	7	25	60	66	54	24	2	47	62	73	45	85	52	48	71	13	6	35	10	87	27	27	13	7	87	40	15	35	43	100	31	98	76	40	31	53	49	75	86	39	49	91	84	49	59	100	56	19	72	77	23	4	68	71	83	4	44	36	71	59	84	31	73	48	55	96	56	74	95	78	85	60	76	73	79	52	63	35	81	62	11	75	75	6	39	51	36	69	66	33	36	65	4	9	68	89	34	96	28	27	63	47	88	65	37	64	66	2	92	36	80	90	42	50	42	72	37	19	68	49	84	68	14	66	95	28	2	98	65	66	85	82	87	4	85	8	83	43	76	83	32	36	70	47	25	17	85	28	53	68	27	100	50	28	35	15	43
83	14	38	14	86	47	89	41	79	52	25	60	86	44	10	12	57	81	68	16	92	2	37	96	46	76	58	48	10	88	90	36	11	31	31	46	5	96	30	89	89	56	36	77	30	14	92	91	100	33	98	1	93	53	19	44	100	15	70	82	6	22	97	35	50	80	76	1	7	70	69	65	56	92	59	28	97	41	53	64	25	24	89	67	11	86	64	87	77	84	38	22	54	100	52	43	98	47	59	66	85	27	73	26	76	52	84	14	7	39	66	86	88	10	100	39	24	83	85	27	20	72	23	82	91	58	7	12	39	7	30	40	32	65	50	75	36	77	26	21	50	66	16	75	90	98	48	94	35	25	18	19	75	4	68	17	93	35	19	84	23	5	10	55	71	60	16	41	47	50	81	89	94	76	18	20	71	45	83	62	88	80	36	49	32	92	16	83	41	38	33	15	88	44	94	60	88	44	6	19
38	37	76	46	67	30	31	100	15	78	93	14	60	60	22	72	14	87	25	61	69	90	44	76	55	9	24	71	97	4	79	81	31	2	26	44	44	2	20	73	14	5	90	25	74	60	4	12	89	78	43	97	35	95	75	77	18	50	89	3	82	80	73	93	37	56	71	81	85	68	4	8	76	35	51	46	41	49	98	49	2	10	7	12	53	53	95	17	17	4	68	12	5	79	35	1	19	3	93	98	6	13	82	43	16	87	81	71	29	12	81	46	74	7	75	44	81	86	38	90	98	99	88	74	66	69	37	62	13	3	32	31	27	19	31	100	22	18	49	34	68	83	90	72	99	5	89	91	40	61	97	3	45	58	49	5	80	55	2	35	84	14	44	11	59	74	56	84	53	13	14	14	37	86	79	17	49	66	40	3	31	53	22	5	29	79	2	75	7	2	69	14	11	50	34	72	84	100	91	85
83	45	19	98	4	38	76	80	61	14	65	23	58	20	89	54	60	65	58	38	56	65	25	66	47	35	59	54	33	94	4	20	15	43	69	51	88	87	53	22	77	39	18	2	34	89	53	74	88	74	29	16	54	64	92	7	27	67	38	100	16	86	65	71	18	64	55	97	59	66	7	18	100	38	89	67	78	61	26	12	76	20	67	31	14	28	93	26	14	26	2	82	47	88	62	60	5	32	83	64	27	88	3	56	9	17	59	66	28	56	72	85	47	45	6	13	70	72	58	24	56	5	56	63	96	1	33	7	42	60	54	45	49	95	83	99	8	72	73	17	33	26	61	49	72	86	88	13	98	44	64	45	71	29	39	68	99	21	29	82	97	29	56	14	67	3	12	39	17	32	96	18	40	41	62	61	45	63	55	2	7	69	20	74	52	28	29	47	96	29	18	68	40	46	10	18	12	5	24	10
69	25	2	68	52	44	11	77	49	75	30	87	22	45	32	30	35	14	42	4	32	88	31	43	21	15	50	35	18	9	13	49	17	32	67	22	2	74	17	34	46	61	69	87	7	74	3	78	46	1	46	5	30	17	82	73	40	89	25	82	74	33	69	23	84	10	10	60	68	16	4	35	68	24	89	44	42	94	94	38	75	10	7	55	22	86	44	66	37	46	37	96	48	60	60	92	6	77	95	53	91	64	67	4	8	29	13	83	25	63	58	100	56	36	71	74	27	24	52	91	90	77	79	34	2	94	22	88	83	62	52	24	41	71	35	61	20	59	75	80	92	36	14	77	17	41	3	9	13	70	55	58	67	77	27	79	14	40	52	31	39	62	23	100	91	31	43	31	11	16	59	82	6	18	79	100	96	33	70	90	90	38	56	77	34	68	56	51	46	89	67	19	53	84	33	79	40	15	55	66
12	27	21	8	30	47	81	8	51	99	37	55	88	98	56	82	32	39	72	42	26	30	66	77	51	73	75	28	12	4	12	49	69	83	35	18	84	32	24	45	48	56	92	78	13	25	14	72	6	49	70	30	1	13	31	11	48	51	92	81	87	98	71	62	34	13	39	97	87	45	46	34	41	36	81	56	86	13	56	62	96	7	92	14	13	11	41	69	18	32	29	70	90	93	70	30	58	46	7	94	81	74	41	1	20	77	96	15	11	99	80	38	87	88	90	4	67	37	58	89	87	87	39	76	2	51	10	39	100	85	57	21	5	41	82	38	81	85	85	21	32	90	84	88	93	95	81	68	51	41	81	79	83	14	42	71	43	21	25	64	23	72	47	8	50	46	7	59	46	26	5	22	52	83	62	16	86	38	72	10	77	60	54	13	68	59	75	39	3	94	18	32	52	53	53	67	34	7	39	90
4	100	91	35	66	90	73	70	64	49	47	45	91	32	90	28	99	11	32	81	71	14	90	23	65	77	86	85	13	52	20	52	22	17	29	68	15	63	25	48	2	47	25	46	11	59	94	25	2	18	56	48	23	21	10	44	6	78	40	53	68	16	74	71	51	48	28	40	24	19	16	2	58	78	18	64	26	41	65	93	56	7	46	83	50	78	52	100	18	10	87	24	80	45	2	31	63	3	96	69	82	49	60	39	99	85	17	15	41	43	9	8	67	98	27	43	19	70	14	92	30	15	7	94	47	10	63	74	1	66	58	19	82	13	15	18	56	42	34	97	88	26	27	74	44	30	17	17	55	42	83	87	37	80	5	29	96	60	33	6	94	33	3	100	72	29	21	97	8	31	89	33	28	99	24	8	97	64	34	58	60	97	50	25	86	15	54	18	93	49	70	15	94	24	11	10	56	23	3	76
95	18	47	24	54	22	82	97	16	97	95	75	14	1	100	29	69	1	97	24	42	74	76	73	26	92	86	57	15	38	39	92	84	95	90	11	85	23	25	19	17	3	13	14	78	84	19	76	27	8	24	25	26	81	88	93	83	32	20	3	51	50	12	48	23	59	38	5	5	43	61	25	99	29	76	94	17	11	27	34	25	86	39	66	97	82	83	37	26	88	86	24	37	89	20	70	35	16	11	14	100	28	51	55	38	80	96	28	66	80	5	41	91	28	45	55	51	42	59	55	95	18	84	94	27	27	42	48	78	74	91	95	83	76	58	35	35	50	19	92	55	6	80	52	62	71	87	91	90	17	33	20	53	98	25	76	55	66	49	39	38	59	73	46	67	82	65	1	21	82	30	83	12	12	3	35	68	7	93	4	22	78	7	11	91	20	36	57	34	8	75	4	94	94	45	90	19	56	42	65
51	83	70	93	85	70	42	5	46	33	73	44	61	61	42	52	85	86	78	99	39	67	75	1	71	19	83	47	37	10	45	82	72	14	15	76	36	53	99	17	60	28	37	46	57	70	85	91	81	93	78	59	21	11	35	51	38	60	74	15	58	43	81	82	51	79	65	42	47	32	39	58	75	73	75	94	71	48	14	81	39	22	79	36	69	83	80	26	60	72	31	79	9	61	38	89	71	16	24	33	40	61	79	49	87	93	96	78	46	86	64	59	70	6	85	76	39	52	24	43	8	20	11	42	67	58	37	24	11	2	58	47	75	69	29	24	73	10	39	19	38	50	64	75	45	1	36	50	59	11	44	65	10	59	99	59	37	3	80	48	57	14	84	40	23	22	38	67	6	54	98	21	18	69	93	69	45	82	32	75	7	62	9	20	27	21	24	85	28	64	60	40	42	34	48	3	39	51	93	21
13	57	1	26	99	40	1	15	40	98	66	44	36	88	60	47	37	66	73	33	45	60	28	88	4	2	64	88	42	24	20	88	41	32	15	50	84	91	83	29	24	72	93	34	21	20	81	59	100	54	42	6	38	29	62	89	83	74	11	54	33	36	49	23	2	94	30	63	45	25	83	60	64	17	83	54	68	94	86	55	24	92	17	28	25	43	50	66	4	36	66	36	100	23	86	91	52	68	85	34	52	95	75	10	12	53	18	99	96	67	91	9	42	65	13	76	96	68	41	91	50	28	71	3	50	53	10	73	66	15	93	39	4	37	78	57	67	20	21	42	22	55	21	50	99	28	1	60	93	94	44	4	95	63	100	36	75	92	63	82	49	93	88	99	90	90	72	60	38	15	99	75	78	59	35	43	45	56	21	5	53	95	10	19	100	60	51	91	81	83	73	19	59	66	28	52	69	37	9	23
34	15	51	25	66	1	91	9	38	87	78	21	53	28	29	56	29	76	18	66	75	60	54	3	44	10	2	95	93	14	73	45	16	11	78	25	74	96	39	34	23	71	13	60	46	93	66	66	29	62	32	53	92	99	23	78	82	88	16	35	91	51	62	86	43	35	42	36	91	68	66	30	26	9	17	20	99	66	48	15	10	48	62	82	55	50	68	37	73	70	38	8	7	40	76	75	75	11	69	53	32	92	23	100	10	27	1	17	16	97	16	8	76	63	97	81	8	18	62	35	33	95	64	68	23	71	72	49	37	81	93	98	39	45	79	85	70	20	89	46	37	44	52	56	86	60	32	44	42	63	14	41	94	76	10	54	89	44	70	41	21	23	83	37	89	27	92	61	65	77	30	93	44	50	78	65	91	35	24	9	8	34	45	31	36	65	77	60	53	32	88	27	46	52	11	98	91	57	28	70
44	46	67	78	8	88	88	74	64	37	40	54	79	5	31	11	14	71	93	33	62	50	75	37	39	14	79	29	88	25	70	7	29	4	62	40	81	14	6	52	52	27	54	99	62	32	49	78	14	69	22	77	89	48	89	51	60	35	100	43	50	67	14	81	44	44	67	70	45	38	73	22	95	83	54	77	16	89	54	69	72	90	22	53	6	30	81	33	17	81	17	43	33	25	42	93	59	47	72	89	54	14	31	84	47	34	15	100	30	81	60	31	9	49	86	100	51	77	33	54	20	92	32	72	45	54	69	69	89	14	4	68	67	76	39	34	73	85	91	56	9	92	5	19	98	16	51	77	76	47	90	20	89	92	14	2	56	66	96	51	100	69	76	3	50	77	47	77	44	51	32	87	74	12	93	62	90	14	12	1	53	96	83	19	26	92	67	35	83	45	71	83	61	76	51	57	67	100	90	48
55	73	51	99	12	81	63	4	2	71	7	11	20	53	21	90	15	31	74	1	67	82	63	45	2	89	22	7	89	94	75	55	66	49	90	31	2	14	93	17	22	11	39	22	75	52	54	78	72	55	1	53	75	51	24	5	52	33	28	11	16	67	73	40	4	5	91	42	76	10	64	7	66	35	12	14	34	50	47	50	47	11	41	61	52	11	68	44	7	21	100	47	72	88	53	11	14	37	75	34	9	36	40	26	15	23	21	72	98	9	1	92	57	78	46	67	99	27	92	61	42	92	22	76	85	20	78	67	36	15	49	87	5	15	72	4	95	94	7	1	40	20	57	74	95	48	75	77	36	35	95	31	11	42	47	55	86	10	98	33	12	83	51	38	23	91	22	30	78	17	71	53	78	91	84	7	96	31	28	82	87	86	69	19	35	74	74	16	41	18	77	89	59	35	21	74	87	5	98	78
63	75	12	42	32	95	16	32	3	11	72	94	33	73	17	34	6	79	66	93	74	59	32	95	71	74	25	92	47	37	86	9	77	10	90	25	43	79	89	45	76	24	43	67	96	18	94	16	94	48	6	32	61	73	66	84	24	11	54	66	75	84	96	1	92	4	12	8	40	45	100	61	43	10	63	54	100	75	39	12	54	35	58	22	77	76	12	20	29	98	90	18	17	51	19	48	97	61	25	82	94	38	26	92	48	79	76	36	47	77	7	5	70	3	88	23	3	39	60	52	54	100	57	32	54	78	44	94	74	98	30	36	71	7	5	64	57	53	68	31	62	93	77	24	39	28	43	56	29	84	93	55	42	40	17	88	44	63	16	41	83	81	68	7	34	8	97	65	15	41	68	27	39	81	5	26	87	10	45	72	97	58	3	36	78	39	81	98	23	19	24	36	18	27	74	60	37	89	66	39
83	28	1	88	46	75	70	42	84	69	63	16	56	26	40	58	14	19	49	93	84	6	66	47	66	11	53	73	24	65	32	75	6	34	28	98	22	86	66	16	31	4	81	72	89	33	31	89	80	32	66	98	15	3	23	64	14	58	31	72	5	49	83	13	51	18	60	64	73	67	88	59	26	85	30	60	66	59	29	79	79	83	85	1	33	95	71	75	61	22	87	62	79	85	87	31	23	10	45	12	91	28	69	69	52	40	54	29	51	65	66	35	48	21	76	84	67	25	26	27	72	25	15	43	10	19	20	26	45	3	69	28	60	31	86	19	52	68	63	84	90	65	97	29	42	42	61	20	6	47	57	12	56	88	7	84	21	7	96	81	2	51	75	38	79	28	67	74	48	22	67	91	18	35	10	98	63	71	28	68	10	64	36	17	59	20	85	46	62	58	4	85	97	83	17	2	35	13	15	30
59	63	81	37	59	27	21	79	22	39	75	50	71	82	62	24	71	73	4	45	8	69	82	14	4	22	58	73	98	18	11	46	56	77	83	42	53	4	91	100	100	54	38	1	81	27	64	11	80	86	96	16	89	46	54	3	39	46	13	79	33	87	18	91	10	39	58	27	60	36	38	23	85	53	58	11	94	56	67	43	18	51	73	13	38	99	94	74	68	100	57	62	73	1	16	31	85	18	3	65	40	69	57	16	51	51	43	91	100	96	99	88	98	86	76	95	13	85	53	44	56	8	3	11	79	10	56	29	17	69	75	33	52	61	65	25	96	8	7	27	33	52	77	22	42	16	50	18	23	10	59	85	91	60	46	77	99	73	62	56	85	62	35	77	98	17	82	8	27	76	72	16	35	36	24	13	59	31	25	21	21	12	39	40	93	97	99	81	37	51	59	1	82	100	59	93	44	53	27	96
24	53	37	49	73	28	30	63	7	9	79	18	68	75	18	58	13	42	64	42	67	55	65	1	10	58	31	3	77	23	1	72	97	18	84	67	63	63	56	7	72	75	29	44	5	16	49	47	17	22	76	91	24	5	23	38	26	98	10	82	29	7	43	67	49	43	62	79	97	25	18	43	72	49	94	9	43	87	68	48	18	8	5	30	57	8	74	62	58	92	37	38	71	83	20	84	52	19	22	30	87	61	4	62	37	55	25	96	96	95	98	36	34	23	20	91	44	40	3	25	68	21	31	58	14	8	61	2	20	2	20	100	96	95	17	86	34	28	27	63	65	99	45	9	97	16	55	54	63	89	88	91	5	85	24	47	63	52	97	74	96	87	46	18	29	31	8	72	13	15	17	70	15	96	40	18	30	13	96	38	79	92	26	61	27	22	14	81	64	37	68	66	42	76	39	10	87	79	76	99
35	90	42	100	68	67	78	58	56	97	36	63	24	89	99	85	100	49	91	79	65	33	43	1	31	16	98	29	73	69	80	32	77	41	96	26	99	77	75	49	21	70	26	32	97	45	89	89	80	18	29	63	17	2	19	56	30	21	49	88	51	24	93	66	26	90	95	24	90	66	28	59	72	86	76	39	11	29	43	10	100	91	54	70	98	73	88	44	83	48	86	88	99	72	77	5	98	8	6	68	95	66	52	77	6	84	82	69	21	6	48	99	17	63	29	29	47	46	90	76	50	70	90	64	24	62	75	22	49	100	90	55	72	40	29	35	68	22	37	54	63	8	56	84	9	51	48	47	24	36	71	54	20	46	65	91	7	16	33	85	52	1	10	30	74	14	98	42	98	18	27	97	95	56	69	55	17	87	43	99	53	78	63	79	78	94	75	76	21	5	89	45	69	94	73	83	25	68	55	65
92	56	99	29	96	23	27	4	41	43	53	52	58	39	92	69	68	29	39	28	89	39	14	68	39	85	85	20	97	21	2	92	36	74	20	96	95	25	59	8	58	94	75	21	40	37	56	85	97	63	30	15	52	35	9	34	26	54	93	39	69	61	86	40	4	35	72	70	23	12	71	10	93	9	44	81	38	2	65	35	37	47	83	85	94	82	24	39	61	36	87	69	7	70	97	18	74	10	45	92	41	64	31	98	72	91	26	10	68	68	59	88	60	12	39	95	7	19	67	82	60	42	24	100	98	89	26	16	94	2	15	96	69	42	56	61	45	27	17	29	27	24	70	65	60	17	28	96	39	43	50	16	75	89	97	70	34	25	33	25	53	45	99	32	43	42	43	86	54	22	18	16	56	11	58	96	86	6	84	17	62	97	42	88	76	28	68	3	14	79	28	80	91	88	73	14	96	28	80	15
30	90	29	72	16	75	50	82	40	74	73	71	12	63	81	66	36	45	18	91	45	78	88	34	10	55	24	21	24	8	68	18	14	78	67	1	41	89	12	51	87	13	69	53	78	74	73	98	92	9	44	28	6	66	36	1	75	66	52	37	82	81	12	66	28	96	29	32	25	5	41	11	47	50	66	77	63	86	18	43	29	90	6	84	13	48	33	63	63	39	86	36	93	99	36	63	55	73	38	50	67	99	99	7	78	78	77	77	55	20	47	85	77	64	81	30	85	25	64	67	80	91	23	13	89	13	93	95	31	52	38	37	79	73	43	46	26	63	81	9	52	85	17	32	4	12	46	10	27	40	76	43	98	19	77	14	94	59	83	35	29	32	59	71	38	92	27	46	46	54	25	70	41	21	60	39	90	22	65	9	59	43	85	56	30	74	76	59	94	78	22	50	45	41	96	99	96	71	86	47
24	61	48	67	44	23	24	66	91	7	95	63	72	58	47	16	13	58	100	41	31	83	74	85	28	95	63	94	88	96	89	34	80	44	57	16	22	99	66	33	10	65	32	45	54	7	50	11	99	68	5	16	2	46	11	34	9	22	80	89	14	36	10	76	98	22	39	87	56	76	19	89	94	19	30	73	14	87	64	11	24	37	84	69	57	20	39	24	7	92	71	32	78	21	67	54	92	73	49	41	87	26	81	82	72	25	87	32	86	28	7	78	40	83	54	37	15	27	6	18	62	60	7	77	97	35	39	1	27	54	86	72	90	96	55	48	17	71	24	61	83	78	2	52	75	94	42	70	78	59	33	83	47	7	27	13	28	44	84	19	91	16	60	41	95	63	50	50	7	16	39	46	2	79	3	30	51	75	39	98	5	11	12	73	12	69	41	5	62	93	12	91	74	36	81	16	27	38	6	69
46	95	41	28	66	85	87	59	88	18	92	27	91	32	31	36	20	57	93	94	89	25	29	30	10	62	7	56	80	43	13	55	51	54	52	87	98	83	99	17	37	95	91	37	88	53	28	65	58	2	42	43	47	40	35	58	64	34	15	19	97	48	21	36	26	19	21	25	11	57	52	92	84	61	61	91	77	61	39	41	53	30	53	45	54	5	83	32	91	17	12	75	4	40	44	22	38	46	54	22	97	51	33	18	82	5	11	44	22	91	26	93	32	22	96	64	99	78	67	82	31	45	41	44	9	9	54	32	47	29	73	28	39	23	92	20	39	94	19	4	66	41	59	54	34	67	83	77	30	8	42	80	5	61	64	57	80	73	31	55	30	55	48	90	7	79	83	75	26	62	19	6	37	83	92	4	24	87	7	71	94	18	93	99	22	61	89	13	58	11	86	16	30	11	47	46	70	91	52	41
58	69	4	46	82	61	14	49	2	30	55	69	65	87	67	5	44	96	35	16	91	8	67	60	80	1	36	91	69	95	71	91	31	24	55	100	90	6	89	90	18	20	90	44	47	40	61	93	17	54	75	37	41	67	77	76	56	75	97	75	10	54	7	1	64	64	11	4	21	30	87	36	46	59	6	62	60	73	62	9	23	43	21	36	14	12	50	66	92	25	13	16	10	33	20	36	49	91	79	49	88	46	1	91	27	8	98	59	24	32	18	53	66	73	95	83	64	64	72	14	50	56	68	16	7	71	56	55	56	100	49	60	88	63	25	100	3	17	8	60	61	81	22	75	48	30	39	1	54	48	97	75	34	1	55	56	3	97	44	72	26	67	73	4	23	26	57	92	22	38	24	41	9	33	37	84	24	23	40	78	50	97	27	25	60	90	52	88	25	77	40	84	70	55	95	50	75	57	48	61
61	92	81	59	56	75	59	50	64	15	45	47	90	25	80	28	34	97	76	96	65	53	36	91	74	74	69	55	37	76	39	100	73	93	95	74	67	65	79	66	96	78	98	34	30	2	58	89	42	100	44	21	95	89	10	72	83	50	4	71	88	27	4	16	46	4	39	57	63	42	90	5	84	32	19	35	86	43	96	60	87	6	22	44	61	84	42	87	70	19	68	27	5	17	91	13	93	22	37	20	79	82	63	35	1	98	52	24	43	65	3	50	96	19	44	11	42	99	82	1	97	25	38	100	99	34	36	24	68	37	9	66	92	14	42	91	47	37	67	32	43	92	83	57	57	71	48	7	31	92	68	66	56	69	76	31	11	23	5	4	54	49	47	26	46	49	84	19	25	2	64	83	61	92	38	31	3	67	74	38	68	79	77	5	15	29	90	13	76	59	78	7	51	76	18	48	98	11	76	36
85	95	18	29	87	79	96	14	81	42	10	79	39	95	9	89	19	12	44	96	79	54	6	6	57	21	77	38	36	70	82	19	68	73	46	48	24	89	44	90	19	40	50	33	58	18	81	72	42	59	8	16	83	4	63	29	41	9	74	94	75	51	46	88	88	25	32	8	3	64	36	42	93	52	37	64	83	36	81	21	62	83	14	15	20	80	77	28	22	14	70	63	59	30	58	8	72	46	31	26	13	36	19	28	83	18	63	62	86	99	46	100	1	34	56	78	91	39	68	50	96	27	7	93	50	57	34	69	83	84	94	56	14	33	55	22	28	35	68	92	83	35	68	81	72	67	88	19	92	90	92	56	56	87	99	29	44	41	28	39	8	72	47	38	56	92	70	100	9	6	94	89	30	84	45	64	25	52	39	32	37	46	66	40	19	12	46	3	58	36	7	68	91	11	87	100	54	69	96	84
42	3	93	64	29	91	32	90	5	40	18	32	54	88	21	6	20	88	12	73	92	39	20	61	42	7	23	1	76	22	61	39	44	84	65	42	50	64	40	19	96	24	42	95	3	29	92	53	61	67	24	66	29	80	59	53	18	2	53	13	28	99	71	57	75	14	69	52	3	20	6	97	31	64	53	2	8	26	90	80	63	61	21	7	17	40	92	50	6	56	55	20	42	49	36	25	40	7	76	29	12	15	14	68	15	74	99	87	70	55	85	66	32	86	5	30	90	18	55	58	96	61	51	89	92	45	58	29	92	96	14	10	72	80	60	94	40	33	42	68	80	84	46	98	97	37	58	9	25	8	36	39	14	80	29	29	10	99	18	17	54	83	95	13	6	53	77	79	47	96	70	90	67	58	80	26	4	7	87	19	91	81	82	20	60	6	25	73	65	10	88	49	35	94	57	72	85	75	69	17
12	55	86	35	82	69	85	71	55	51	41	78	11	87	32	6	69	80	72	89	83	81	28	37	83	14	79	77	56	60	44	21	41	36	12	91	29	29	59	9	61	86	88	100	20	24	60	83	79	77	43	25	39	2	88	76	8	84	62	40	24	4	22	29	99	69	99	88	56	98	19	32	43	59	41	55	25	33	32	5	3	17	80	15	6	23	100	74	59	74	24	79	29	40	68	14	71	19	64	72	84	78	54	65	23	91	37	91	50	33	90	43	90	67	90	31	52	10	26	64	99	98	15	59	2	9	4	24	44	15	85	29	82	1	81	63	11	71	60	1	2	41	52	7	90	48	88	56	69	15	70	34	34	4	45	49	1	61	13	78	74	39	67	17	24	49	16	10	86	92	7	97	75	28	12	15	57	95	17	89	8	96	66	38	40	16	54	84	10	69	6	78	26	56	53	40	40	13	46	34
54	66	59	99	49	5	39	77	77	13	31	24	78	49	34	77	53	55	90	9	71	19	89	73	60	56	70	64	77	5	46	73	74	68	33	19	33	79	89	40	38	75	11	42	72	75	52	75	5	20	85	70	61	60	19	21	87	49	36	20	61	64	30	42	3	77	40	2	96	53	9	35	90	51	36	64	21	81	51	97	82	17	6	19	2	10	83	14	3	85	63	81	21	34	7	86	5	65	21	4	22	44	100	69	44	42	82	75	23	82	22	21	41	70	84	91	34	32	96	78	100	83	60	95	67	19	3	44	48	63	66	23	6	29	27	74	34	53	52	89	77	98	90	73	59	3	20	29	6	18	64	25	64	79	27	100	51	69	87	23	30	98	36	25	83	61	21	25	63	74	18	22	81	61	12	33	69	51	90	80	14	38	17	41	85	20	7	49	58	87	18	77	20	84	29	13	1	100	54	54
80	54	15	55	71	66	74	27	96	53	55	16	60	90	20	39	57	47	59	46	98	68	63	59	1	1	22	57	28	73	11	80	9	38	71	82	62	29	56	34	49	68	9	74	34	50	4	10	61	43	50	47	30	15	21	82	96	97	30	15	34	92	81	71	23	6	82	7	50	100	34	8	4	80	44	50	76	88	97	9	82	98	61	72	27	93	6	3	85	62	17	3	10	39	68	31	59	10	100	89	35	44	19	96	58	29	3	38	74	64	8	32	71	61	88	61	47	82	25	32	62	18	79	97	17	52	24	17	32	40	47	33	56	8	28	18	51	99	56	50	20	43	69	62	17	6	21	12	51	97	58	88	54	43	15	94	44	70	49	29	51	94	52	14	18	26	13	35	12	12	62	51	60	56	32	98	85	31	3	88	57	28	74	61	19	45	12	15	45	59	20	19	11	25	38	63	75	68	66	85
40	17	19	72	36	18	42	55	66	23	68	9	49	67	85	21	61	20	58	33	9	53	58	13	49	26	40	52	45	25	53	83	1	80	12	62	25	82	47	79	82	98	100	87	53	4	54	50	40	87	90	35	61	45	15	50	86	10	18	66	79	34	74	71	34	29	77	15	17	7	21	53	82	65	95	80	93	57	52	77	46	36	91	13	7	15	72	96	19	56	70	51	7	97	51	13	21	77	90	86	10	9	43	73	40	15	34	21	73	43	1	31	27	51	31	6	50	61	18	73	32	88	6	80	46	74	25	56	50	45	83	27	42	49	14	36	83	27	16	35	8	51	38	54	51	20	10	5	5	53	71	9	40	25	69	23	73	41	44	20	24	77	69	46	90	82	89	7	72	4	59	85	93	29	59	7	15	97	35	30	79	74	78	88	71	89	68	47	44	59	20	13	27	55	54	61	21	60	75	49
66	43	84	84	54	64	15	55	12	22	52	74	93	26	32	17	38	37	1	45	78	42	62	3	56	47	43	48	75	93	55	28	35	64	34	39	100	68	43	14	39	97	6	75	42	4	100	32	8	69	46	66	96	37	78	91	43	46	22	82	98	87	15	22	59	38	5	70	60	94	13	94	67	96	94	53	72	18	64	83	15	53	62	41	26	3	73	35	41	11	17	69	22	90	47	38	83	18	67	80	71	24	18	67	66	37	45	62	39	11	24	18	62	58	56	20	68	59	67	13	8	71	32	31	5	15	98	2	93	94	30	51	86	82	50	42	49	34	4	65	45	83	81	100	54	67	6	37	57	62	18	62	59	6	50	57	88	60	46	68	48	56	24	93	44	36	75	40	70	22	98	68	89	96	85	97	96	4	93	84	78	61	64	57	21	85	97	5	33	27	25	88	36	64	95	62	82	42	70	25
41	13	45	69	16	44	47	38	84	13	80	46	90	11	30	15	86	78	40	99	15	90	94	44	40	18	74	57	2	32	20	70	28	67	42	70	43	55	68	80	39	57	86	10	88	37	28	30	24	40	67	63	77	92	89	62	73	76	10	3	53	72	81	52	29	65	21	6	28	46	83	39	24	77	32	80	84	71	37	62	65	12	2	87	55	39	40	46	12	4	71	20	50	88	16	32	26	87	57	81	76	92	12	54	5	1	31	60	30	55	6	93	61	61	31	18	1	58	1	62	4	24	54	78	85	84	22	40	24	9	29	90	30	82	41	93	81	29	62	54	5	98	75	33	10	31	83	64	70	69	48	66	85	91	76	50	19	90	55	28	81	10	77	98	38	16	31	68	22	90	13	52	9	94	57	81	92	6	36	100	17	25	36	64	8	28	4	73	31	89	61	35	89	55	33	31	29	39	4	86
73	100	40	35	86	3	88	41	73	73	3	36	73	19	4	6	61	82	49	18	17	95	87	69	95	98	65	86	76	16	91	47	24	44	17	16	50	35	79	49	5	71	55	95	29	42	41	50	32	39	68	96	31	3	72	53	71	14	38	75	83	38	77	2	71	13	20	33	36	94	17	32	72	91	95	85	29	67	52	58	49	61	67	50	38	12	90	68	93	64	53	17	39	62	98	15	3	78	62	63	28	63	32	4	76	100	18	78	18	89	99	98	89	70	7	46	97	84	27	63	96	10	90	68	29	78	98	37	97	32	27	1	2	64	3	99	91	76	46	38	31	9	45	49	16	5	100	80	6	91	6	64	43	70	71	91	9	74	92	17	61	42	49	85	80	29	64	11	34	17	47	59	90	13	42	95	82	24	79	98	72	1	74	44	28	3	17	39	2	96	73	58	61	1	76	21	81	12	72	33
78	16	42	21	7	4	80	97	14	90	19	86	74	12	82	81	79	44	76	29	39	53	46	17	41	77	57	30	10	68	23	67	48	59	41	28	44	32	56	7	73	34	41	12	32	93	23	80	9	48	98	13	3	33	89	48	76	10	9	23	80	13	13	21	9	29	11	31	47	20	13	2	45	53	41	70	87	42	11	15	47	64	11	7	14	30	53	81	16	34	58	40	37	75	30	56	40	60	45	12	73	48	42	37	28	7	22	32	47	63	13	18	80	61	72	14	21	6	60	64	43	68	76	18	46	46	54	87	7	14	33	59	68	29	35	25	8	98	80	3	94	45	73	2	62	79	80	57	52	11	76	27	66	37	99	59	41	39	63	74	80	56	92	35	80	76	62	31	100	32	86	85	28	48	26	78	22	44	34	5	31	96	15	14	32	38	44	18	37	1	71	26	53	70	33	76	65	31	97	47
14	81	70	65	83	53	22	2	34	91	70	73	54	45	68	77	31	88	40	81	37	29	98	31	4	37	45	59	85	61	20	42	95	14	99	36	67	47	75	56	7	14	61	88	61	17	55	7	37	80	61	82	90	18	30	51	48	61	31	87	13	25	19	48	98	39	43	47	37	15	28	6	80	48	19	53	54	33	64	25	16	22	12	74	35	71	4	18	34	18	79	71	59	43	96	3	11	6	68	43	24	48	58	17	55	62	59	67	28	48	82	67	81	43	19	73	26	72	69	39	18	42	36	96	68	29	21	73	6	100	71	55	95	91	21	29	2	60	23	74	69	23	19	17	61	41	76	93	34	91	5	85	23	21	5	23	90	7	76	82	94	14	65	63	72	90	44	25	4	50	94	81	40	63	41	78	30	92	18	90	33	62	89	80	8	18	85	34	23	79	76	97	99	20	36	17	11	100	89	77
1	79	31	19	71	33	59	12	82	67	22	11	58	85	20	18	25	79	37	61	27	18	73	42	33	77	84	78	7	61	44	12	6	3	79	37	49	63	19	1	91	73	18	43	23	27	2	63	42	58	59	38	33	58	74	45	41	36	90	8	37	78	40	64	86	26	95	44	77	75	69	100	16	51	56	43	63	73	40	44	12	90	15	52	43	54	91	48	27	62	16	71	61	76	65	68	55	32	94	12	73	76	91	87	53	6	46	73	33	89	93	47	12	18	3	35	13	6	69	99	94	68	79	17	98	8	63	23	68	57	13	91	80	9	80	8	84	75	77	7	52	39	2	72	68	78	31	42	52	69	79	60	59	4	26	65	87	80	13	72	52	94	28	6	54	31	57	23	44	23	73	8	67	51	12	84	96	85	41	60	91	95	70	90	42	48	77	83	95	96	35	29	11	3	65	76	59	70	83	82
96	18	13	47	57	18	43	22	28	98	98	100	44	93	2	24	77	98	77	51	6	48	92	51	94	73	11	8	50	20	86	25	5	92	9	67	79	98	55	26	38	41	8	27	20	43	60	23	3	10	48	14	8	2	82	65	56	51	95	3	91	51	49	12	10	87	75	53	79	19	66	48	47	1	56	74	72	42	12	70	58	91	30	68	88	36	93	72	21	38	57	79	97	64	83	83	86	7	58	91	43	86	29	9	10	68	11	66	81	23	42	85	97	49	56	96	59	15	57	85	29	85	29	4	96	68	97	90	34	96	93	33	3	59	1	81	95	86	3	65	22	97	5	98	24	11	78	89	4	40	38	11	41	74	69	90	59	89	31	8	60	67	39	81	17	83	49	97	73	100	25	51	25	57	56	22	87	73	48	72	97	83	66	75	5	29	14	53	61	46	71	88	78	1	55	69	6	78	63	68
97	18	88	99	54	52	59	57	73	79	81	97	36	33	77	55	30	90	44	15	73	75	46	29	27	54	29	69	20	10	57	50	8	75	69	14	64	16	33	61	77	56	22	32	78	76	48	98	56	61	15	5	72	34	15	88	51	93	96	21	31	18	57	25	39	56	86	88	52	31	66	18	57	48	77	13	7	100	58	7	80	37	15	5	55	75	92	100	95	65	48	81	49	96	65	7	78	71	96	68	69	52	25	7	27	49	81	11	13	86	56	95	46	100	9	59	92	38	49	74	40	66	94	10	49	82	15	31	36	45	73	66	90	7	63	12	72	33	15	66	17	53	41	41	40	16	57	16	46	76	6	82	76	2	93	76	66	65	85	40	11	70	81	36	13	20	37	70	69	63	77	60	1	1	48	43	64	91	25	36	94	49	89	55	60	76	93	99	23	20	39	85	14	91	36	18	28	86	40	54
72	81	13	7	18	19	86	33	41	28	73	38	50	66	83	95	35	11	72	100	95	76	66	67	35	68	22	25	54	99	51	88	24	13	90	90	61	26	76	36	71	9	32	41	7	66	76	55	38	33	19	20	76	61	49	29	87	49	72	89	20	18	94	55	58	71	81	52	15	25	1	39	72	30	97	99	91	52	19	86	100	81	38	21	85	41	56	25	8	90	6	6	100	64	13	31	58	89	65	93	5	67	10	77	43	49	95	6	22	92	83	77	54	15	19	90	29	39	57	46	48	58	94	76	32	6	36	2	22	43	51	48	89	17	6	57	57	13	46	44	6	15	57	43	65	46	45	94	7	92	95	12	52	32	78	76	52	30	70	55	83	99	6	35	9	28	40	64	48	75	25	60	54	44	21	14	91	79	26	69	95	45	45	80	47	40	42	65	5	99	88	21	34	25	49	81	31	38	43	61
89	18	74	77	34	61	38	51	28	52	93	8	59	17	33	59	73	2	30	36	40	1	64	83	91	12	86	100	95	95	15	12	22	49	75	7	35	52	74	75	83	32	44	99	15	44	66	8	8	63	98	23	78	60	99	8	18	15	28	91	45	31	45	16	30	30	93	13	33	17	95	78	83	67	65	91	9	24	3	79	90	8	84	96	96	95	64	50	31	50	65	81	86	56	81	87	2	76	38	66	13	80	38	21	27	43	87	68	62	98	98	72	81	93	27	29	50	45	72	68	66	83	94	14	57	84	55	44	85	1	46	22	24	32	48	20	5	71	85	44	62	54	9	67	92	27	75	32	36	41	20	87	35	89	87	23	58	63	19	54	6	21	61	49	31	9	23	95	67	98	48	28	26	96	60	75	47	64	61	3	56	55	42	50	13	79	30	62	20	9	93	10	28	26	40	16	3	89	18	51
76	31	88	32	83	68	21	10	25	17	52	24	54	18	4	46	24	4	79	8	9	74	46	2	20	86	68	66	42	82	15	35	5	14	9	57	49	30	31	22	69	100	72	4	89	20	62	70	53	56	69	19	78	93	87	98	59	52	63	85	31	90	97	33	27	23	62	73	93	95	84	6	87	26	38	32	71	43	44	5	96	67	81	7	24	17	90	67	60	67	95	61	57	94	96	7	96	28	28	39	17	87	23	65	72	93	26	99	26	97	68	47	65	14	40	13	65	37	4	71	74	44	58	29	60	62	22	21	63	95	95	38	39	31	74	5	62	46	92	76	32	85	74	86	96	16	32	96	57	82	74	66	78	20	95	64	12	2	19	79	49	62	15	98	4	76	57	67	7	12	44	72	6	88	84	43	64	68	24	94	37	63	58	2	20	33	3	51	43	89	8	78	45	34	100	57	57	43	75	6
52	14	86	61	91	44	8	72	82	17	24	78	76	63	66	2	69	90	51	64	23	96	62	41	17	20	32	33	80	69	69	50	82	6	56	7	77	83	71	6	27	53	27	71	18	21	96	26	26	16	8	26	14	54	1	7	1	51	42	25	12	1	78	9	59	36	13	69	2	62	56	27	88	60	30	9	69	27	90	89	52	15	59	47	16	67	19	41	56	32	14	95	63	68	85	55	86	1	97	35	82	32	97	86	56	59	100	52	53	76	62	46	24	83	10	10	98	98	52	52	7	25	24	90	4	47	4	71	78	28	21	13	34	22	13	40	28	63	62	77	90	19	45	46	48	2	81	22	85	96	16	40	32	52	41	23	12	46	91	24	34	78	68	56	22	6	75	88	54	84	28	17	43	18	9	58	79	80	91	70	39	8	46	86	46	21	68	53	38	8	32	15	94	100	84	75	29	27	21	100
35	49	61	35	13	17	97	49	15	9	80	63	37	53	51	29	52	70	39	82	32	3	100	83	25	68	55	68	57	84	84	47	99	55	43	41	30	6	71	23	87	80	64	39	92	45	63	79	92	97	75	24	73	50	78	29	6	23	100	68	96	65	56	98	2	43	59	28	35	70	33	63	5	45	34	68	88	55	20	36	87	12	6	42	41	79	90	83	79	95	22	77	44	40	29	53	91	37	22	61	62	94	97	91	55	8	53	50	44	39	37	65	51	30	2	13	16	12	28	10	40	48	64	58	68	78	62	38	98	48	74	60	67	94	61	92	50	82	81	78	46	93	21	21	73	61	72	7	73	8	99	53	73	79	53	84	45	1	42	30	24	12	2	34	25	9	12	21	65	91	93	72	33	26	17	70	79	30	98	100	90	52	61	8	15	60	2	10	31	85	83	17	90	86	89	9	36	91	88	44
72	11	87	97	46	71	11	31	37	73	87	15	21	100	56	16	74	31	10	36	100	53	53	49	53	39	59	76	21	74	68	63	9	88	43	43	36	5	50	48	73	6	39	69	73	99	7	32	55	8	61	71	66	59	79	2	21	41	50	97	97	10	91	83	18	86	60	57	33	91	64	58	83	18	4	97	80	75	58	33	31	40	19	64	22	25	29	80	85	63	11	33	75	29	10	76	28	37	23	82	15	7	33	33	17	51	95	28	45	18	71	58	40	64	87	27	26	14	44	58	40	15	47	72	55	75	95	40	73	34	80	99	34	68	45	82	75	89	93	53	84	77	9	63	2	88	70	90	14	100	76	35	100	22	33	84	68	12	52	94	89	76	26	65	84	36	70	73	30	60	93	24	65	73	12	42	76	65	30	19	23	43	81	97	82	94	72	12	17	31	11	75	100	35	56	98	53	27	50	2
23	36	97	96	60	86	37	5	38	38	5	25	67	4	96	76	16	42	40	24	14	40	52	74	12	38	77	8	82	70	73	70	52	56	30	36	16	28	27	93	38	41	45	71	75	47	33	84	61	21	93	18	59	91	70	29	14	90	68	12	17	23	76	36	21	6	49	97	63	45	37	21	57	60	100	3	91	23	70	80	39	100	82	19	47	42	4	99	85	87	6	60	81	18	72	41	53	57	70	17	3	31	84	84	84	31	28	95	79	12	99	84	45	50	23	56	72	17	22	48	24	88	99	56	40	93	16	78	38	42	37	2	34	75	17	38	81	86	17	90	89	60	87	51	91	8	42	16	91	57	10	61	67	35	75	29	21	18	30	34	47	8	71	25	17	99	20	29	42	42	92	96	91	28	50	51	49	85	82	85	81	19	19	55	38	7	39	8	16	31	77	53	85	51	91	6	86	30	29	94
35	71	71	49	95	32	78	46	87	7	61	82	73	48	86	72	75	24	7	50	18	49	60	92	45	95	8	50	74	42	78	2	18	44	17	74	83	51	92	66	20	46	83	34	48	14	3	28	56	90	51	23	2	53	92	45	96	85	1	40	56	80	62	80	72	75	85	2	4	55	49	17	88	50	41	65	90	6	11	12	97	32	29	66	27	41	20	49	8	25	88	31	67	77	98	72	64	42	52	40	99	21	14	44	16	30	56	12	13	42	82	69	100	57	84	51	5	15	37	68	14	69	50	25	17	24	4	72	36	11	21	76	8	100	88	19	90	52	10	19	61	58	76	12	100	70	24	35	1	66	10	45	37	53	62	36	58	86	86	13	41	18	6	86	39	69	98	2	65	53	38	18	31	69	12	11	41	70	62	88	29	8	3	19	58	66	20	34	84	67	56	9	40	9	64	10	94	9	6	89
27	47	90	78	64	50	10	65	39	39	12	39	36	59	28	19	42	83	13	50	62	75	10	93	36	6	64	10	26	74	42	77	93	94	67	87	64	36	71	75	57	93	81	96	17	20	39	76	19	23	14	85	62	96	53	30	45	81	56	22	2	98	7	19	83	27	46	31	83	71	32	11	65	7	97	73	50	93	27	27	51	42	13	63	35	46	48	24	65	99	62	53	1	52	68	68	84	75	68	56	14	17	67	87	25	54	62	79	18	100	88	12	62	50	88	93	8	60	19	54	3	72	7	45	60	40	5	22	92	16	42	19	87	98	99	60	47	13	93	75	62	71	10	87	70	43	20	69	31	54	87	77	17	31	20	32	48	55	24	49	55	59	61	44	62	47	84	10	70	95	30	77	73	94	46	18	97	95	90	63	19	49	99	33	44	67	53	71	15	35	30	6	65	98	93	24	85	87	16	39
2	15	2	33	41	32	25	52	91	69	7	37	1	27	38	82	20	79	46	90	10	13	77	24	13	44	32	5	73	47	1	5	16	87	16	24	73	35	58	11	50	3	75	67	82	64	3	37	49	61	21	14	72	5	15	91	3	30	40	37	43	15	91	84	13	82	96	44	57	33	79	23	40	48	16	57	78	53	16	72	40	21	60	96	32	28	7	36	93	31	91	61	12	30	64	84	6	7	38	59	82	80	81	40	66	22	48	75	40	44	13	11	53	97	41	4	38	17	85	42	47	71	6	34	21	76	22	14	31	48	17	72	37	70	29	11	26	79	17	94	50	28	29	100	81	17	3	64	65	24	40	6	28	8	20	83	73	61	34	72	1	10	10	17	72	83	83	95	45	70	90	33	53	93	50	98	7	30	7	29	26	93	99	16	67	7	88	89	36	73	3	55	4	43	53	93	10	46	8	62
17	1	48	74	52	74	92	54	99	34	56	60	93	57	66	7	14	29	59	82	66	80	54	18	41	81	75	80	95	38	72	52	79	90	6	64	87	55	5	17	45	86	57	95	54	99	47	83	77	65	92	41	39	68	27	89	91	97	74	5	11	81	49	31	68	15	10	64	32	20	69	5	34	77	25	62	43	85	11	4	58	53	55	69	80	2	25	7	21	23	83	76	34	57	84	41	27	58	44	75	87	92	12	71	15	96	9	57	63	86	40	23	62	38	61	73	16	77	38	66	97	100	23	7	81	97	68	60	10	85	14	69	84	49	62	29	25	90	82	33	95	29	21	60	51	19	64	13	49	88	29	18	82	7	16	7	50	13	59	74	80	32	99	19	66	41	71	51	84	64	71	27	63	43	31	21	43	77	51	41	15	68	7	79	35	55	72	80	66	27	78	76	63	54	98	11	65	48	93	68
33	37	39	94	54	37	5	77	99	86	20	97	11	74	56	37	2	12	79	40	24	55	91	55	16	11	9	24	94	19	90	86	26	82	33	41	91	90	83	39	88	5	58	93	7	73	20	58	81	70	99	28	100	8	47	85	47	35	79	92	20	2	79	5	17	29	1	70	41	46	60	37	27	19	17	15	80	68	91	66	34	99	64	89	94	60	50	9	43	67	34	98	70	80	97	62	7	22	31	17	91	6	90	40	90	29	96	5	20	36	100	52	73	61	22	85	89	39	73	58	80	33	38	8	86	84	17	39	16	6	71	33	54	12	55	65	43	81	12	25	94	25	28	19	8	53	68	67	17	50	34	46	7	6	31	90	26	74	27	40	69	72	86	93	28	58	63	12	29	55	82	4	95	22	70	11	21	13	88	51	31	99	76	57	93	46	75	53	9	81	43	29	17	24	57	23	45	38	28	22
76	35	16	19	14	98	42	65	46	10	35	67	35	85	30	36	67	44	1	87	90	4	20	57	15	13	62	50	81	14	11	80	69	100	100	37	39	84	98	26	49	33	33	15	29	78	29	13	20	90	32	91	58	29	13	83	65	76	94	10	73	83	76	34	67	75	54	38	8	74	83	76	6	34	26	96	34	80	97	45	52	58	67	67	35	37	97	53	86	72	82	86	12	26	93	89	87	36	76	84	37	51	25	16	21	23	33	2	80	71	2	49	2	10	63	43	93	56	90	66	32	88	74	34	87	100	90	60	77	66	10	9	58	32	30	95	68	88	32	53	72	32	59	76	73	45	45	75	41	71	58	72	42	6	46	80	21	9	50	97	83	18	10	26	61	78	72	31	7	31	76	5	32	91	36	71	36	8	10	34	61	14	23	19	89	32	90	81	8	93	41	55	50	8	44	72	67	95	18	54
92	27	96	91	71	33	61	95	49	84	9	84	31	10	44	22	13	78	41	40	39	67	3	15	87	1	74	81	14	7	32	8	17	32	7	11	54	7	6	9	3	66	11	7	80	90	60	2	67	60	33	90	48	87	79	53	47	99	18	75	74	80	22	35	61	84	42	88	89	23	91	76	87	25	91	23	72	81	63	78	88	96	100	13	75	39	9	88	80	53	21	28	49	38	2	2	51	45	9	14	3	47	48	30	60	7	23	81	42	90	47	49	99	49	80	56	99	48	64	42	58	91	97	57	49	93	27	5	8	96	76	90	58	45	48	74	85	22	30	54	8	35	14	23	36	12	51	41	14	65	61	32	46	47	77	32	41	41	41	65	22	34	39	56	23	38	92	17	72	59	11	51	94	40	67	31	6	18	65	37	2	80	63	45	57	18	15	13	92	54	11	53	78	46	29	55	6	78	35	77
12	95	91	70	82	84	4	79	20	82	68	78	64	62	74	27	28	97	68	73	41	51	82	87	94	89	31	43	87	3	89	13	13	85	61	21	52	17	38	72	47	31	33	27	3	74	33	17	14	97	24	1	87	74	84	65	84	89	84	11	50	47	80	19	98	100	29	6	13	81	77	59	82	95	81	49	26	81	74	25	25	28	26	61	36	19	5	37	52	84	58	27	99	83	85	29	10	30	32	31	98	3	12	18	60	31	15	75	14	24	34	26	88	77	73	5	74	82	99	7	71	60	65	52	100	78	91	51	57	15	17	76	95	100	6	23	40	71	27	94	15	100	61	84	99	69	77	74	51	22	97	46	79	43	12	69	75	40	87	65	19	98	71	6	10	45	35	24	39	96	55	14	98	16	67	21	8	80	89	68	20	59	32	88	79	63	19	62	45	3	95	22	75	45	23	58	74	70	25	8
7	12	45	79	11	15	68	50	40	73	58	32	54	98	24	90	68	95	14	64	82	47	78	31	67	99	95	56	26	71	21	71	46	47	62	84	81	53	73	46	56	38	88	80	64	74	17	16	31	37	66	98	50	65	72	12	10	29	63	71	90	4	8	73	50	50	98	33	4	47	15	69	99	91	64	10	77	8	31	37	16	94	3	3	5	73	73	5	73	3	95	60	30	62	35	42	70	4	57	19	81	38	53	28	5	48	48	98	77	13	48	25	28	74	60	73	55	63	71	40	37	37	37	39	43	32	36	31	14	34	56	51	91	95	33	15	28	6	86	73	85	32	43	79	26	37	58	77	8	21	72	77	49	21	68	39	44	80	20	67	65	70	36	31	73	2	30	34	63	57	74	99	88	75	45	88	98	10	35	95	26	19	61	54	69	96	68	80	100	74	76	14	74	63	57	16	42	56	44	26
